   h    k    l      d (Å)      F(real)      F(imag)          |F|         2θ          I    M ID(λ) Phase
   1    1    1   3.135416    42.918529   -42.174846      60.1724   15.02750  100.00000    8     1     1
   2    2    0   1.920042    70.526914     0.743683      70.5308   24.65942   78.42871   12     1     1
   3    1    1   1.637418    32.703565    33.447248      46.7786   29.00169   50.63669   24     1     1
   2    2    2   1.567708     0.000000     0.000000  1.19071e-14   30.32153    0.00000    8     1     1
   4    0    0   1.357675    60.911197     0.743683      60.9157   35.15396   14.98810    6     1     1
   3    3    1   1.245888    29.531380   -28.787697      41.2412   38.42620   23.36149   24     1     1
   4    2    2   1.108537    54.470432     0.743683      54.4755   43.41358   32.79720   24     1     1
   3    3    3   1.045139    25.810943    26.554626      37.0318   46.19443    4.53580    8     1     1
   5    1    1   1.045139    26.554626   -25.810943      37.0318   46.19443   13.60741   24     1     1
   4    4    0   0.960021    49.131451     0.743683      49.1371   50.56401   10.28179   12     1     1
   5    3    1   0.917956    23.296877    24.040560      33.4768   53.05721   17.63877   48     1     1
   4    4    2   0.905117     0.000000     0.000000  3.51177e-14   53.87012    0.00000   24     1     1
   6    2    0   0.858669    44.566753     0.743683       44.573   57.04230   13.93074   24     1     1
   5    3    3   0.828174    21.884712   -21.141029      30.4283   59.34808    6.10721   24     1     1
   6    2    2   0.818709     0.000000    -0.000000  2.46608e-14   60.10437    0.00000   24     1     1
   4    4    4   0.783854    40.642055     0.743683      40.6489   63.07501    3.31776    8     1     1
   5    5    1   0.760450    20.029115   -19.285433      27.8046   65.25219    4.43553   24     1     1
   7    1    1   0.760450    19.285433    20.029115      27.8046   65.25219    4.43553   24     1     1
   6    4    2   0.725708    37.258653     0.743683      37.2661   68.79982   14.81350   48     1     1
   5    5    3   0.707017    17.684316    18.427999      25.5407   70.88720    3.34445   24     1     1
   7    3    1   0.707017    18.427999   -17.684316      25.5407   70.88720    6.68890   48     1     1
   8    0    0   0.678837    34.334848     0.743683      34.3429   74.31006    1.42454    6     1     1
   7    3    3   0.663466    16.299420    17.043102      23.5826   76.33569    2.60181   24     1     1
   6    4    4   0.658569     0.000000    -0.000000  4.64906e-16   77.00692    0.00000   24     1     1
   6    6    0   0.640014    31.801918     0.743683      31.8106   79.67477    2.25527   12     1     1
   8    2    2   0.640014    31.801918     0.743683      31.8106   79.67477    4.51054   24     1     1
   7    5    1   0.627083    15.098512    15.842195      21.8847   81.66058    4.15966   48     1     1
   5    5    5   0.627083    15.842195   -15.098512      21.8847   81.66058    0.69328    8     1     1
   6    6    2   0.622944    -0.000000     0.000000  5.40295e-14   82.32017    0.00000   24     1     1
   8    4    0   0.607171    29.601901     0.743683      29.6112   84.94918    3.66200   24     1     1
   7    5    3   0.596097    14.798082   -14.054399      20.4086   86.91366    3.40727   48     1     1
   9    1    1   0.596097    14.798082   -14.054399      20.4086   86.91366    1.70364   24     1     1
   8    4    2   0.592538     0.000000    -0.000000  7.30012e-16   87.56756    0.00000   48     1     1
   6    6    4   0.578915    27.685862     0.743683      27.6958   90.18087    3.04264   24     1     1
   9    3    1   0.569292    13.144111    13.887794      19.1217   92.14080    2.85447   48     1     1
   8    4    4   0.554268    26.012448     0.743683      26.0231   95.41407    2.58336   24     1     1
   7    5    5   0.545806    12.348234    13.091917      17.9966   97.38589    1.22136   24     1     1
   7    7    1   0.545806    13.091917   -12.348234      17.9966   97.38589    1.22136   24     1     1
   9    3    3   0.545806    13.091917   -12.348234      17.9966   97.38589    1.22136   24     1     1
   8    6    2   0.532524    24.546686     0.743683      24.5579  100.69313    4.47884   48     1     1
  10    2    0   0.532524    24.546686     0.743683      24.5579  100.69313    2.23942   24     1     1
   7    7    3   0.525006    11.650341    12.394024      17.0101  102.69420    1.06691   24     1     1
   9    5    1   0.525006    12.394024   -11.650341      17.0101  102.69420    2.13382   48     1     1
   6    6    6   0.522569     0.000000    -0.000000  1.86795e-14  103.36460    0.00000    8     1     1
  10    2    2   0.522569    -0.000000     0.000000  4.20017e-14  103.36460    0.00000   24     1     1
   9    5    3   0.506415    11.036517    11.780200      16.1424  108.11610    1.90265   48     1     1
   8    6    4   0.504228    -0.000000     0.000000  2.26115e-14  108.80468    0.00000   48     1     1
  10    4    2   0.495753    22.124179     0.743683      22.1367  111.58869    3.58024   48     1     1
  11    1    1   0.489670    10.494964    11.238646       15.377  113.71200    0.86647   24     1     1
   7    7    5   0.489670    11.238646   -10.494964       15.377  113.71200    0.86647   24     1     1
   8    8    0   0.480011    21.121037     0.743683      21.1341  117.33144    0.82680   12     1     1
   9    7    1   0.474482    10.015665    10.759348      14.6996  119.56006    1.61519   48     1     1
  11    3    1   0.474482    10.759348   -10.015665      14.6996  119.56006    1.61519   48     1     1
   9    5    5   0.474482    10.759348   -10.015665      14.6996  119.56006    0.80760   24     1     1
   8    8    2   0.472682    -0.000000     0.000000  2.06166e-14  120.31377    0.00000   24     1     1
  10    4    4   0.472682    -0.000000     0.000000  2.06166e-14  120.31377    0.00000   24     1     1
  10    6    0   0.465679    20.231441     0.743683      20.2451  123.38987    1.56629   24     1     1
   8    6    6   0.465679    20.231441     0.743683      20.2451  123.38987    1.56629   24     1     1
   9    7    3   0.460626    10.333790    -9.590107      14.0981  125.76991    1.54628   48     1     1
  11    3    3   0.460626     9.590107    10.333790      14.0981  125.76991    0.77314   24     1     1
  10    6    2   0.458978    -0.000000    -0.000000  1.56336e-14  126.57904    0.00000   48     1     1
